────────────────────────────────────────────────────────────
  表#12  P14  「（除特别注明外，以人民币百万元列示） 本年度报告所载财务资料按照中国会计准则编制，除特别注明外，为本集团数据，以人民币列示。 全年业绩 2024年 2023年 变化(%) 2022年 2021年 2020年」
  行数: 37  置信度: 1.00
  列 X 范围: [41, 472],  [65, 452],  [257, 294],  [304, 339],  [357, 383],  [395, 430],  [440, 475],  [486, 521]
────────────────────────────────────────────────────────────
  1│ 本年度报告所载财务资料按照中国会计准则编制，除特别注明外，为本集团数据，以人民币列示。                                                                                             
  2│ （除特别注明外，以人民币百万元列示）                       2024年                                    2023年      变化(%)   2022年      2021年      2020年     
  3│ 全年业绩                                                                                                                                 
  4│ 营业收入                                     750,151                                  769,736    (2.54)  783,760    824,246    755,858   
  5│ 利息净收入                                    589,882                                  617,233    (4.43)  643,669    605,420    575,909   
  6│ 手续费及佣金净收入                                104,928                                  115,746    (9.35)  116,085    121,492    114,582   
  7│ 其他非利息收入                                  55,341                                   36,757     50.56   24,006     97,334     65,367    
  8│ 业务及管理费                                   (214,312)                                (210,088)  2.01    (210,896)  (209,864)  (179,308) 
  9│ 信用减值损失                                   (120,700)                                (136,774)  (11.75) (154,535)  (167,949)  (193,491) 
 10│ 其他资产减值损失                                 (298)                                    (463)      (35.64) (479)      (766)      3,562     
 11│ 营业利润                                     384,272                                  389,227    (1.27)  383,625    378,776    337,246   
 12│ 利润总额                                     384,377                                  389,377    (1.28)  383,699    378,412    336,616   
 13│ 净利润                                      336,282                                  332,460    1.15    324,863    303,928    273,579   
 14│ 归属于本行股东的净利润                              335,577                                  332,653    0.88    324,727    302,513    271,050   
 15│ 归属于本行普通股股东的净利润                           328,469                                  327,543    0.28    320,189    297,975    265,426   
 16│ 扣除非经常性损益后归属于本行股东的净利润1                    335,323                                  332,291    0.91    324,569    302,694    271,947   
 17│ 经营活动产生的现金流量净额                            338,023                                  642,850    (47.42) 978,419    436,718    580,685   
 18│ 于12月31日                                                                                                                              
 19│ 资产总额                                     40,571,149                               38,324,826 5.86    34,600,711 30,253,979 28,132,254
 20│ 发放贷款和垫款净额                                25,040,400                               23,083,377 8.48    20,493,042 18,170,492 16,231,369
 21│ 负债总额                                     37,227,184                               35,152,752 5.90    31,724,467 27,639,857 25,742,901
 22│ 吸收存款                                     28,713,870                               27,654,011 3.83    25,020,807 22,378,814 20,614,976
 23│ 股东权益                                     3,343,965                                3,172,074  5.42    2,876,244  2,614,122  2,389,353 
 24│ 归属于本行股东权益                                3,322,127                                3,150,145  5.46    2,855,450  2,588,231  2,364,808 
 25│ 股本                                       250,011                                  250,011    －       250,011    250,011    250,011   
 26│ 核心一级资本净额2                                3,165,549                                2,944,386  7.51    2,706,459  2,475,462  2,261,449 
 27│ 其他一级资本净额2                                158,875                                  200,088    (20.60) 140,074    100,066    100,068   
 28│ 二级资本净额2                                  978,839                                  876,187    11.72   793,905    676,754    471,164   
 29│ 资本净额2                                    4,303,263                                4,020,661  7.03    3,640,438  3,252,282  2,832,681 
 30│ 风险加权资产2                                  21,854,590                               22,395,908 (2.42)  19,767,834 18,215,893 16,604,591
 31│ 每股计（人民币元）                                                                                                                            
 32│ 基本和稀释每股收益3                               1.31                                     1.31       －       1.28       1.19       1.06      
 33│ 扣除非经常性损益后的基本和稀释每股收益1                     1.31                                     1.31       －       1.28       1.19       1.07      
 34│ 归属于本行普通股股东的每股净资产                         12.65                                    11.80      7.20    10.86      9.95       9.06      
 35│ 每股经营活动产生的现金流量净额                          1.35                                     2.57       (47.47) 3.91       1.75       2.32      
 36│ 1.                                       非经常性损益的项目和相关金额请参见财务报表附注“非经常性损益表”。                                                           
 37│ 2.                                       2024年数据按照《商业银行资本管理办法》相关规则计量，往期数据按照《商业银行资本管理办法（试行）》相关规则计量。                                                    